1535054192.3451328
1535054199.4955752
1535054200.4734514
1535054204.6946902
1535054211.482301
1535054214.8938053
1535054218.2522123
1535054222.9955752
1535054226.0442479
1535054229.1504424
1535054235.9734514
1535054236.6504424
1535054240.7123895
1535054245.6548672
1535054249.8141594
1535054255.3938053
1535054256.0619469
1535054262.7477877
1535054266.7212389
1535054268.7256637
1535054273.716814
1535054278.5132744
1535054281.3141594
1535054286.079646
1535054289.0221238
1535054294.216814
1535054296.318584
1535054302.6504424
1535054304.5929203
1535054308.1371682
1535054312.9867256
1535054319.9867256
1535054321.0707965
1535054327.0530972
1535054330.0
1535054332.0707965
1535054338.9646018
1535054340.0530972
1535054344.8672566
1535054348.942478
1535054354.5619469
1535054356.1769912
1535054361.2300885
1535054367.818584
1535054371.238938
1535054372.2212389
1535054376.0707965
1535054380.8141594
1535054387.1725664
1535054388.1769912
1535054393.8097346
1535054399.517699
1535054400.300885
1535054406.0840707
1535054410.079646
1535054414.3849556
1535054418.057522
1535054422.1150444
1535054427.3274336
1535054431.60177
